4
2 3 20753
2 62259
3 41506
6 20753
0
51
2 11 13 17 19
2 11 13 323
2 11 17 247
2 11 19 221
2 11 4199
2 13 17 209
2 13 19 187
2 13 3553
2 17 19 143
2 17 2717
2 19 2431
2 143 323
2 187 247
2 209 221
2 46189
11 13 17 38
11 13 19 34
11 13 646
11 17 19 26
11 17 494
11 19 442
11 26 323
11 34 247
11 38 221
11 8398
13 17 19 22
13 17 418
13 19 374
13 22 323
13 34 209
13 38 187
13 7106
17 19 286
17 22 247
17 26 209
17 38 143
17 5434
19 22 221
19 26 187
19 34 143
19 4862
22 4199
26 3553
34 2717
38 2431
143 646
187 494
209 442
221 418
247 374
286 323
10
2 2 29 167
2 2 4843
2 29 334
2 58 167
2 9686
4 29 167
4 4843
29 668
58 334
116 167
97
2 2 5 5 5 5 29
2 2 5 5 5 145
2 2 5 5 25 29
2 2 5 5 725
2 2 5 25 145
2 2 5 29 125
2 2 5 3625
2 2 25 25 29
2 2 25 725
2 2 29 625
2 2 125 145
2 2 18125
2 5 5 5 5 58
2 5 5 5 10 29
2 5 5 5 290
2 5 5 10 145
2 5 5 25 58
2 5 5 29 50
2 5 5 1450
2 5 10 25 29
2 5 10 725
2 5 25 290
2 5 29 250
2 5 50 145
2 5 58 125
2 5 7250
2 10 25 145
2 10 29 125
2 10 3625
2 25 25 58
2 25 29 50
2 25 1450
2 29 1250
2 50 725
2 58 625
2 125 290
2 145 250
2 36250
4 5 5 5 5 29
4 5 5 5 145
4 5 5 25 29
4 5 5 725
4 5 25 145
4 5 29 125
4 5 3625
4 25 25 29
4 25 725
4 29 625
4 125 145
4 18125
5 5 5 5 116
5 5 5 10 58
5 5 5 20 29
5 5 5 580
5 5 10 10 29
5 5 10 290
5 5 20 145
5 5 25 116
5 5 29 100
5 5 50 58
5 5 2900
5 10 10 145
5 10 25 58
5 10 29 50
5 10 1450
5 20 25 29
5 20 725
5 25 580
5 29 500
5 50 290
5 58 250
5 100 145
5 116 125
5 14500
10 10 25 29
10 10 725
10 25 290
10 29 250
10 50 145
10 58 125
10 7250
20 25 145
20 29 125
20 3625
25 25 116
25 29 100
25 50 58
25 2900
29 50 50
29 2500
50 1450
58 1250
100 725
116 625
125 580
145 500
250 290
14
2 7 73 499
2 7 36427
2 73 3493
2 499 511
2 254989
7 73 998
7 146 499
7 72854
14 73 499
14 36427
73 6986
146 3493
499 1022
511 998
18
2 2 2 2 2 3
2 2 2 2 6
2 2 2 3 4
2 2 2 12
2 2 3 8
2 2 4 6
2 2 24
2 3 4 4
2 3 16
2 4 12
2 6 8
2 48
3 4 8
3 32
4 4 6
4 24
6 16
8 12
4
11 13 3643
11 47359
13 40073
143 3643
0
10
2 2 5 57193
2 2 285965
2 5 114386
2 10 57193
2 571930
4 5 57193
4 285965
5 228772
10 114386
20 57193
0
134
2 2 5 7 17 409
2 2 5 7 6953
2 2 5 17 2863
2 2 5 119 409
2 2 5 48671
2 2 7 17 2045
2 2 7 85 409
2 2 7 34765
2 2 17 35 409
2 2 17 14315
2 2 35 6953
2 2 85 2863
2 2 119 2045
2 2 409 595
2 2 243355
2 5 7 17 818
2 5 7 34 409
2 5 7 13906
2 5 14 17 409
2 5 14 6953
2 5 17 5726
2 5 34 2863
2 5 119 818
2 5 238 409
2 5 97342
2 7 10 17 409
2 7 10 6953
2 7 17 4090
2 7 34 2045
2 7 85 818
2 7 170 409
2 7 69530
2 10 17 2863
2 10 119 409
2 10 48671
2 14 17 2045
2 14 85 409
2 14 34765
2 17 35 818
2 17 70 409
2 17 28630
2 34 35 409
2 34 14315
2 35 13906
2 70 6953
2 85 5726
2 119 4090
2 170 2863
2 238 2045
2 409 1190
2 595 818
2 486710
4 5 7 17 409
4 5 7 6953
4 5 17 2863
4 5 119 409
4 5 48671
4 7 17 2045
4 7 85 409
4 7 34765
4 17 35 409
4 17 14315
4 35 6953
4 85 2863
4 119 2045
4 409 595
4 243355
5 7 17 1636
5 7 34 818
5 7 68 409
5 7 27812
5 14 17 818
5 14 34 409
5 14 13906
5 17 28 409
5 17 11452
5 28 6953
5 34 5726
5 68 2863
5 119 1636
5 238 818
5 409 476
5 194684
7 10 17 818
7 10 34 409
7 10 13906
7 17 20 409
7 17 8180
7 20 6953
7 34 4090
7 68 2045
7 85 1636
7 170 818
7 340 409
7 139060
10 14 17 409
10 14 6953
10 17 5726
10 34 2863
10 119 818
10 238 409
10 97342
14 17 4090
14 34 2045
14 85 818
14 170 409
14 69530
17 20 2863
17 28 2045
17 35 1636
17 70 818
17 140 409
17 57260
20 119 409
20 48671
28 85 409
28 34765
34 35 818
34 70 409
34 28630
35 68 409
35 27812
68 14315
70 13906
85 11452
119 8180
140 6953
170 5726
238 4090
340 2863
409 2380
476 2045
595 1636
818 1190
4
13 277 449
13 124373
277 5837
449 3601
3
2 2 194707
2 389414
4 194707
14
2 7 29 1297
2 7 37613
2 29 9079
2 203 1297
2 263291
7 29 2594
7 58 1297
7 75226
14 29 1297
14 37613
29 18158
58 9079
203 2594
406 1297
1751
2 2 2 2 2 2 2 5 5 5 5 5 5
2 2 2 2 2 2 2 5 5 5 5 25
2 2 2 2 2 2 2 5 5 5 125
2 2 2 2 2 2 2 5 5 25 25
2 2 2 2 2 2 2 5 5 625
2 2 2 2 2 2 2 5 25 125
2 2 2 2 2 2 2 5 3125
2 2 2 2 2 2 2 25 25 25
2 2 2 2 2 2 2 25 625
2 2 2 2 2 2 2 125 125
2 2 2 2 2 2 2 15625
2 2 2 2 2 2 5 5 5 5 5 10
2 2 2 2 2 2 5 5 5 5 50
2 2 2 2 2 2 5 5 5 10 25
2 2 2 2 2 2 5 5 5 250
2 2 2 2 2 2 5 5 10 125
2 2 2 2 2 2 5 5 25 50
2 2 2 2 2 2 5 5 1250
2 2 2 2 2 2 5 10 25 25
2 2 2 2 2 2 5 10 625
2 2 2 2 2 2 5 25 250
2 2 2 2 2 2 5 50 125
2 2 2 2 2 2 5 6250
2 2 2 2 2 2 10 25 125
2 2 2 2 2 2 10 3125
2 2 2 2 2 2 25 25 50
2 2 2 2 2 2 25 1250
2 2 2 2 2 2 50 625
2 2 2 2 2 2 125 250
2 2 2 2 2 2 31250
2 2 2 2 2 4 5 5 5 5 5 5
2 2 2 2 2 4 5 5 5 5 25
2 2 2 2 2 4 5 5 5 125
2 2 2 2 2 4 5 5 25 25
2 2 2 2 2 4 5 5 625
2 2 2 2 2 4 5 25 125
2 2 2 2 2 4 5 3125
2 2 2 2 2 4 25 25 25
2 2 2 2 2 4 25 625
2 2 2 2 2 4 125 125
2 2 2 2 2 4 15625
2 2 2 2 2 5 5 5 5 5 20
2 2 2 2 2 5 5 5 5 10 10
2 2 2 2 2 5 5 5 5 100
2 2 2 2 2 5 5 5 10 50
2 2 2 2 2 5 5 5 20 25
2 2 2 2 2 5 5 5 500
2 2 2 2 2 5 5 10 10 25
2 2 2 2 2 5 5 10 250
2 2 2 2 2 5 5 20 125
2 2 2 2 2 5 5 25 100
2 2 2 2 2 5 5 50 50
2 2 2 2 2 5 5 2500
2 2 2 2 2 5 10 10 125
2 2 2 2 2 5 10 25 50
2 2 2 2 2 5 10 1250
2 2 2 2 2 5 20 25 25
2 2 2 2 2 5 20 625
2 2 2 2 2 5 25 500
2 2 2 2 2 5 50 250
2 2 2 2 2 5 100 125
2 2 2 2 2 5 12500
2 2 2 2 2 10 10 25 25
2 2 2 2 2 10 10 625
2 2 2 2 2 10 25 250
2 2 2 2 2 10 50 125
2 2 2 2 2 10 6250
2 2 2 2 2 20 25 125
2 2 2 2 2 20 3125
2 2 2 2 2 25 25 100
2 2 2 2 2 25 50 50
2 2 2 2 2 25 2500
2 2 2 2 2 50 1250
2 2 2 2 2 100 625
2 2 2 2 2 125 500
2 2 2 2 2 250 250
2 2 2 2 2 62500
2 2 2 2 4 5 5 5 5 5 10
2 2 2 2 4 5 5 5 5 50
2 2 2 2 4 5 5 5 10 25
2 2 2 2 4 5 5 5 250
2 2 2 2 4 5 5 10 125
2 2 2 2 4 5 5 25 50
2 2 2 2 4 5 5 1250
2 2 2 2 4 5 10 25 25
2 2 2 2 4 5 10 625
2 2 2 2 4 5 25 250
2 2 2 2 4 5 50 125
2 2 2 2 4 5 6250
2 2 2 2 4 10 25 125
2 2 2 2 4 10 3125
2 2 2 2 4 25 25 50
2 2 2 2 4 25 1250
2 2 2 2 4 50 625
2 2 2 2 4 125 250
2 2 2 2 4 31250
2 2 2 2 5 5 5 5 5 5 8
2 2 2 2 5 5 5 5 5 40
2 2 2 2 5 5 5 5 8 25
2 2 2 2 5 5 5 5 10 20
2 2 2 2 5 5 5 5 200
2 2 2 2 5 5 5 8 125
2 2 2 2 5 5 5 10 10 10
2 2 2 2 5 5 5 10 100
2 2 2 2 5 5 5 20 50
2 2 2 2 5 5 5 25 40
2 2 2 2 5 5 5 1000
2 2 2 2 5 5 8 25 25
2 2 2 2 5 5 8 625
2 2 2 2 5 5 10 10 50
2 2 2 2 5 5 10 20 25
2 2 2 2 5 5 10 500
2 2 2 2 5 5 20 250
2 2 2 2 5 5 25 200
2 2 2 2 5 5 40 125
2 2 2 2 5 5 50 100
2 2 2 2 5 5 5000
2 2 2 2 5 8 25 125
2 2 2 2 5 8 3125
2 2 2 2 5 10 10 10 25
2 2 2 2 5 10 10 250
2 2 2 2 5 10 20 125
2 2 2 2 5 10 25 100
2 2 2 2 5 10 50 50
2 2 2 2 5 10 2500
2 2 2 2 5 20 25 50
2 2 2 2 5 20 1250
2 2 2 2 5 25 25 40
2 2 2 2 5 25 1000
2 2 2 2 5 40 625
2 2 2 2 5 50 500
2 2 2 2 5 100 250
2 2 2 2 5 125 200
2 2 2 2 5 25000
2 2 2 2 8 25 25 25
2 2 2 2 8 25 625
2 2 2 2 8 125 125
2 2 2 2 8 15625
2 2 2 2 10 10 10 125
2 2 2 2 10 10 25 50
2 2 2 2 10 10 1250
2 2 2 2 10 20 25 25
2 2 2 2 10 20 625
2 2 2 2 10 25 500
2 2 2 2 10 50 250
2 2 2 2 10 100 125
2 2 2 2 10 12500
2 2 2 2 20 25 250
2 2 2 2 20 50 125
2 2 2 2 20 6250
2 2 2 2 25 25 200
2 2 2 2 25 40 125
2 2 2 2 25 50 100
2 2 2 2 25 5000
2 2 2 2 40 3125
2 2 2 2 50 50 50
2 2 2 2 50 2500
2 2 2 2 100 1250
2 2 2 2 125 1000
2 2 2 2 200 625
2 2 2 2 250 500
2 2 2 2 125000
2 2 2 4 4 5 5 5 5 5 5
2 2 2 4 4 5 5 5 5 25
2 2 2 4 4 5 5 5 125
2 2 2 4 4 5 5 25 25
2 2 2 4 4 5 5 625
2 2 2 4 4 5 25 125
2 2 2 4 4 5 3125
2 2 2 4 4 25 25 25
2 2 2 4 4 25 625
2 2 2 4 4 125 125
2 2 2 4 4 15625
2 2 2 4 5 5 5 5 5 20
2 2 2 4 5 5 5 5 10 10
2 2 2 4 5 5 5 5 100
2 2 2 4 5 5 5 10 50
2 2 2 4 5 5 5 20 25
2 2 2 4 5 5 5 500
2 2 2 4 5 5 10 10 25
2 2 2 4 5 5 10 250
2 2 2 4 5 5 20 125
2 2 2 4 5 5 25 100
2 2 2 4 5 5 50 50
2 2 2 4 5 5 2500
2 2 2 4 5 10 10 125
2 2 2 4 5 10 25 50
2 2 2 4 5 10 1250
2 2 2 4 5 20 25 25
2 2 2 4 5 20 625
2 2 2 4 5 25 500
2 2 2 4 5 50 250
2 2 2 4 5 100 125
2 2 2 4 5 12500
2 2 2 4 10 10 25 25
2 2 2 4 10 10 625
2 2 2 4 10 25 250
2 2 2 4 10 50 125
2 2 2 4 10 6250
2 2 2 4 20 25 125
2 2 2 4 20 3125
2 2 2 4 25 25 100
2 2 2 4 25 50 50
2 2 2 4 25 2500
2 2 2 4 50 1250
2 2 2 4 100 625
2 2 2 4 125 500
2 2 2 4 250 250
2 2 2 4 62500
2 2 2 5 5 5 5 5 5 16
2 2 2 5 5 5 5 5 8 10
2 2 2 5 5 5 5 5 80
2 2 2 5 5 5 5 8 50
2 2 2 5 5 5 5 10 40
2 2 2 5 5 5 5 16 25
2 2 2 5 5 5 5 20 20
2 2 2 5 5 5 5 400
2 2 2 5 5 5 8 10 25
2 2 2 5 5 5 8 250
2 2 2 5 5 5 10 10 20
2 2 2 5 5 5 10 200
2 2 2 5 5 5 16 125
2 2 2 5 5 5 20 100
2 2 2 5 5 5 25 80
2 2 2 5 5 5 40 50
2 2 2 5 5 5 2000
2 2 2 5 5 8 10 125
2 2 2 5 5 8 25 50
2 2 2 5 5 8 1250
2 2 2 5 5 10 10 10 10
2 2 2 5 5 10 10 100
2 2 2 5 5 10 20 50
2 2 2 5 5 10 25 40
2 2 2 5 5 10 1000
2 2 2 5 5 16 25 25
2 2 2 5 5 16 625
2 2 2 5 5 20 20 25
2 2 2 5 5 20 500
2 2 2 5 5 25 400
2 2 2 5 5 40 250
2 2 2 5 5 50 200
2 2 2 5 5 80 125
2 2 2 5 5 100 100
2 2 2 5 5 10000
2 2 2 5 8 10 25 25
2 2 2 5 8 10 625
2 2 2 5 8 25 250
2 2 2 5 8 50 125
2 2 2 5 8 6250
2 2 2 5 10 10 10 50
2 2 2 5 10 10 20 25
2 2 2 5 10 10 500
2 2 2 5 10 20 250
2 2 2 5 10 25 200
2 2 2 5 10 40 125
2 2 2 5 10 50 100
2 2 2 5 10 5000
2 2 2 5 16 25 125
2 2 2 5 16 3125
2 2 2 5 20 20 125
2 2 2 5 20 25 100
2 2 2 5 20 50 50
2 2 2 5 20 2500
2 2 2 5 25 25 80
2 2 2 5 25 40 50
2 2 2 5 25 2000
2 2 2 5 40 1250
2 2 2 5 50 1000
2 2 2 5 80 625
2 2 2 5 100 500
2 2 2 5 125 400
2 2 2 5 200 250
2 2 2 5 50000
2 2 2 8 10 25 125
2 2 2 8 10 3125
2 2 2 8 25 25 50
2 2 2 8 25 1250
2 2 2 8 50 625
2 2 2 8 125 250
2 2 2 8 31250
2 2 2 10 10 10 10 25
2 2 2 10 10 10 250
2 2 2 10 10 20 125
2 2 2 10 10 25 100
2 2 2 10 10 50 50
2 2 2 10 10 2500
2 2 2 10 20 25 50
2 2 2 10 20 1250
2 2 2 10 25 25 40
2 2 2 10 25 1000
2 2 2 10 40 625
2 2 2 10 50 500
2 2 2 10 100 250
2 2 2 10 125 200
2 2 2 10 25000
2 2 2 16 25 25 25
2 2 2 16 25 625
2 2 2 16 125 125
2 2 2 16 15625
2 2 2 20 20 25 25
2 2 2 20 20 625
2 2 2 20 25 500
2 2 2 20 50 250
2 2 2 20 100 125
2 2 2 20 12500
2 2 2 25 25 400
2 2 2 25 40 250
2 2 2 25 50 200
2 2 2 25 80 125
2 2 2 25 100 100
2 2 2 25 10000
2 2 2 40 50 125
2 2 2 40 6250
2 2 2 50 50 100
2 2 2 50 5000
2 2 2 80 3125
2 2 2 100 2500
2 2 2 125 2000
2 2 2 200 1250
2 2 2 250 1000
2 2 2 400 625
2 2 2 500 500
2 2 2 250000
2 2 4 4 5 5 5 5 5 10
2 2 4 4 5 5 5 5 50
2 2 4 4 5 5 5 10 25
2 2 4 4 5 5 5 250
2 2 4 4 5 5 10 125
2 2 4 4 5 5 25 50
2 2 4 4 5 5 1250
2 2 4 4 5 10 25 25
2 2 4 4 5 10 625
2 2 4 4 5 25 250
2 2 4 4 5 50 125
2 2 4 4 5 6250
2 2 4 4 10 25 125
2 2 4 4 10 3125
2 2 4 4 25 25 50
2 2 4 4 25 1250
2 2 4 4 50 625
2 2 4 4 125 250
2 2 4 4 31250
2 2 4 5 5 5 5 5 5 8
2 2 4 5 5 5 5 5 40
2 2 4 5 5 5 5 8 25
2 2 4 5 5 5 5 10 20
2 2 4 5 5 5 5 200
2 2 4 5 5 5 8 125
2 2 4 5 5 5 10 10 10
2 2 4 5 5 5 10 100
2 2 4 5 5 5 20 50
2 2 4 5 5 5 25 40
2 2 4 5 5 5 1000
2 2 4 5 5 8 25 25
2 2 4 5 5 8 625
2 2 4 5 5 10 10 50
2 2 4 5 5 10 20 25
2 2 4 5 5 10 500
2 2 4 5 5 20 250
2 2 4 5 5 25 200
2 2 4 5 5 40 125
2 2 4 5 5 50 100
2 2 4 5 5 5000
2 2 4 5 8 25 125
2 2 4 5 8 3125
2 2 4 5 10 10 10 25
2 2 4 5 10 10 250
2 2 4 5 10 20 125
2 2 4 5 10 25 100
2 2 4 5 10 50 50
2 2 4 5 10 2500
2 2 4 5 20 25 50
2 2 4 5 20 1250
2 2 4 5 25 25 40
2 2 4 5 25 1000
2 2 4 5 40 625
2 2 4 5 50 500
2 2 4 5 100 250
2 2 4 5 125 200
2 2 4 5 25000
2 2 4 8 25 25 25
2 2 4 8 25 625
2 2 4 8 125 125
2 2 4 8 15625
2 2 4 10 10 10 125
2 2 4 10 10 25 50
2 2 4 10 10 1250
2 2 4 10 20 25 25
2 2 4 10 20 625
2 2 4 10 25 500
2 2 4 10 50 250
2 2 4 10 100 125
2 2 4 10 12500
2 2 4 20 25 250
2 2 4 20 50 125
2 2 4 20 6250
2 2 4 25 25 200
2 2 4 25 40 125
2 2 4 25 50 100
2 2 4 25 5000
2 2 4 40 3125
2 2 4 50 50 50
2 2 4 50 2500
2 2 4 100 1250
2 2 4 125 1000
2 2 4 200 625
2 2 4 250 500
2 2 4 125000
2 2 5 5 5 5 5 5 32
2 2 5 5 5 5 5 8 20
2 2 5 5 5 5 5 10 16
2 2 5 5 5 5 5 160
2 2 5 5 5 5 8 10 10
2 2 5 5 5 5 8 100
2 2 5 5 5 5 10 80
2 2 5 5 5 5 16 50
2 2 5 5 5 5 20 40
2 2 5 5 5 5 25 32
2 2 5 5 5 5 800
2 2 5 5 5 8 10 50
2 2 5 5 5 8 20 25
2 2 5 5 5 8 500
2 2 5 5 5 10 10 40
2 2 5 5 5 10 16 25
2 2 5 5 5 10 20 20
2 2 5 5 5 10 400
2 2 5 5 5 16 250
2 2 5 5 5 20 200
2 2 5 5 5 25 160
2 2 5 5 5 32 125
2 2 5 5 5 40 100
2 2 5 5 5 50 80
2 2 5 5 5 4000
2 2 5 5 8 10 10 25
2 2 5 5 8 10 250
2 2 5 5 8 20 125
2 2 5 5 8 25 100
2 2 5 5 8 50 50
2 2 5 5 8 2500
2 2 5 5 10 10 10 20
2 2 5 5 10 10 200
2 2 5 5 10 16 125
2 2 5 5 10 20 100
2 2 5 5 10 25 80
2 2 5 5 10 40 50
2 2 5 5 10 2000
2 2 5 5 16 25 50
2 2 5 5 16 1250
2 2 5 5 20 20 50
2 2 5 5 20 25 40
2 2 5 5 20 1000
2 2 5 5 25 25 32
2 2 5 5 25 800
2 2 5 5 32 625
2 2 5 5 40 500
2 2 5 5 50 400
2 2 5 5 80 250
2 2 5 5 100 200
2 2 5 5 125 160
2 2 5 5 20000
2 2 5 8 10 10 125
2 2 5 8 10 25 50
2 2 5 8 10 1250
2 2 5 8 20 25 25
2 2 5 8 20 625
2 2 5 8 25 500
2 2 5 8 50 250
2 2 5 8 100 125
2 2 5 8 12500
2 2 5 10 10 10 10 10
2 2 5 10 10 10 100
2 2 5 10 10 20 50
2 2 5 10 10 25 40
2 2 5 10 10 1000
2 2 5 10 16 25 25
2 2 5 10 16 625
2 2 5 10 20 20 25
2 2 5 10 20 500
2 2 5 10 25 400
2 2 5 10 40 250
2 2 5 10 50 200
2 2 5 10 80 125
2 2 5 10 100 100
2 2 5 10 10000
2 2 5 16 25 250
2 2 5 16 50 125
2 2 5 16 6250
2 2 5 20 20 250
2 2 5 20 25 200
2 2 5 20 40 125
2 2 5 20 50 100
2 2 5 20 5000
2 2 5 25 25 160
2 2 5 25 32 125
2 2 5 25 40 100
2 2 5 25 50 80
2 2 5 25 4000
2 2 5 32 3125
2 2 5 40 50 50
2 2 5 40 2500
2 2 5 50 2000
2 2 5 80 1250
2 2 5 100 1000
2 2 5 125 800
2 2 5 160 625
2 2 5 200 500
2 2 5 250 400
2 2 5 100000
2 2 8 10 10 25 25
2 2 8 10 10 625
2 2 8 10 25 250
2 2 8 10 50 125
2 2 8 10 6250
2 2 8 20 25 125
2 2 8 20 3125
2 2 8 25 25 100
2 2 8 25 50 50
2 2 8 25 2500
2 2 8 50 1250
2 2 8 100 625
2 2 8 125 500
2 2 8 250 250
2 2 8 62500
2 2 10 10 10 10 50
2 2 10 10 10 20 25
2 2 10 10 10 500
2 2 10 10 20 250
2 2 10 10 25 200
2 2 10 10 40 125
2 2 10 10 50 100
2 2 10 10 5000
2 2 10 16 25 125
2 2 10 16 3125
2 2 10 20 20 125
2 2 10 20 25 100
2 2 10 20 50 50
2 2 10 20 2500
2 2 10 25 25 80
2 2 10 25 40 50
2 2 10 25 2000
2 2 10 40 1250
2 2 10 50 1000
2 2 10 80 625
2 2 10 100 500
2 2 10 125 400
2 2 10 200 250
2 2 10 50000
2 2 16 25 25 50
2 2 16 25 1250
2 2 16 50 625
2 2 16 125 250
2 2 16 31250
2 2 20 20 25 50
2 2 20 20 1250
2 2 20 25 25 40
2 2 20 25 1000
2 2 20 40 625
2 2 20 50 500
2 2 20 100 250
2 2 20 125 200
2 2 20 25000
2 2 25 25 25 32
2 2 25 25 800
2 2 25 32 625
2 2 25 40 500
2 2 25 50 400
2 2 25 80 250
2 2 25 100 200
2 2 25 125 160
2 2 25 20000
2 2 32 125 125
2 2 32 15625
2 2 40 50 250
2 2 40 100 125
2 2 40 12500
2 2 50 50 200
2 2 50 80 125
2 2 50 100 100
2 2 50 10000
2 2 80 6250
2 2 100 5000
2 2 125 4000
2 2 160 3125
2 2 200 2500
2 2 250 2000
2 2 400 1250
2 2 500 1000
2 2 625 800
2 2 500000
2 4 4 4 5 5 5 5 5 5
2 4 4 4 5 5 5 5 25
2 4 4 4 5 5 5 125
2 4 4 4 5 5 25 25
2 4 4 4 5 5 625
2 4 4 4 5 25 125
2 4 4 4 5 3125
2 4 4 4 25 25 25
2 4 4 4 25 625
2 4 4 4 125 125
2 4 4 4 15625
2 4 4 5 5 5 5 5 20
2 4 4 5 5 5 5 10 10
2 4 4 5 5 5 5 100
2 4 4 5 5 5 10 50
2 4 4 5 5 5 20 25
2 4 4 5 5 5 500
2 4 4 5 5 10 10 25
2 4 4 5 5 10 250
2 4 4 5 5 20 125
2 4 4 5 5 25 100
2 4 4 5 5 50 50
2 4 4 5 5 2500
2 4 4 5 10 10 125
2 4 4 5 10 25 50
2 4 4 5 10 1250
2 4 4 5 20 25 25
2 4 4 5 20 625
2 4 4 5 25 500
2 4 4 5 50 250
2 4 4 5 100 125
2 4 4 5 12500
2 4 4 10 10 25 25
2 4 4 10 10 625
2 4 4 10 25 250
2 4 4 10 50 125
2 4 4 10 6250
2 4 4 20 25 125
2 4 4 20 3125
2 4 4 25 25 100
2 4 4 25 50 50
2 4 4 25 2500
2 4 4 50 1250
2 4 4 100 625
2 4 4 125 500
2 4 4 250 250
2 4 4 62500
2 4 5 5 5 5 5 5 16
2 4 5 5 5 5 5 8 10
2 4 5 5 5 5 5 80
2 4 5 5 5 5 8 50
2 4 5 5 5 5 10 40
2 4 5 5 5 5 16 25
2 4 5 5 5 5 20 20
2 4 5 5 5 5 400
2 4 5 5 5 8 10 25
2 4 5 5 5 8 250
2 4 5 5 5 10 10 20
2 4 5 5 5 10 200
2 4 5 5 5 16 125
2 4 5 5 5 20 100
2 4 5 5 5 25 80
2 4 5 5 5 40 50
2 4 5 5 5 2000
2 4 5 5 8 10 125
2 4 5 5 8 25 50
2 4 5 5 8 1250
2 4 5 5 10 10 10 10
2 4 5 5 10 10 100
2 4 5 5 10 20 50
2 4 5 5 10 25 40
2 4 5 5 10 1000
2 4 5 5 16 25 25
2 4 5 5 16 625
2 4 5 5 20 20 25
2 4 5 5 20 500
2 4 5 5 25 400
2 4 5 5 40 250
2 4 5 5 50 200
2 4 5 5 80 125
2 4 5 5 100 100
2 4 5 5 10000
2 4 5 8 10 25 25
2 4 5 8 10 625
2 4 5 8 25 250
2 4 5 8 50 125
2 4 5 8 6250
2 4 5 10 10 10 50
2 4 5 10 10 20 25
2 4 5 10 10 500
2 4 5 10 20 250
2 4 5 10 25 200
2 4 5 10 40 125
2 4 5 10 50 100
2 4 5 10 5000
2 4 5 16 25 125
2 4 5 16 3125
2 4 5 20 20 125
2 4 5 20 25 100
2 4 5 20 50 50
2 4 5 20 2500
2 4 5 25 25 80
2 4 5 25 40 50
2 4 5 25 2000
2 4 5 40 1250
2 4 5 50 1000
2 4 5 80 625
2 4 5 100 500
2 4 5 125 400
2 4 5 200 250
2 4 5 50000
2 4 8 10 25 125
2 4 8 10 3125
2 4 8 25 25 50
2 4 8 25 1250
2 4 8 50 625
2 4 8 125 250
2 4 8 31250
2 4 10 10 10 10 25
2 4 10 10 10 250
2 4 10 10 20 125
2 4 10 10 25 100
2 4 10 10 50 50
2 4 10 10 2500
2 4 10 20 25 50
2 4 10 20 1250
2 4 10 25 25 40
2 4 10 25 1000
2 4 10 40 625
2 4 10 50 500
2 4 10 100 250
2 4 10 125 200
2 4 10 25000
2 4 16 25 25 25
2 4 16 25 625
2 4 16 125 125
2 4 16 15625
2 4 20 20 25 25
2 4 20 20 625
2 4 20 25 500
2 4 20 50 250
2 4 20 100 125
2 4 20 12500
2 4 25 25 400
2 4 25 40 250
2 4 25 50 200
2 4 25 80 125
2 4 25 100 100
2 4 25 10000
2 4 40 50 125
2 4 40 6250
2 4 50 50 100
2 4 50 5000
2 4 80 3125
2 4 100 2500
2 4 125 2000
2 4 200 1250
2 4 250 1000
2 4 400 625
2 4 500 500
2 4 250000
2 5 5 5 5 5 5 8 8
2 5 5 5 5 5 5 64
2 5 5 5 5 5 8 40
2 5 5 5 5 5 10 32
2 5 5 5 5 5 16 20
2 5 5 5 5 5 320
2 5 5 5 5 8 8 25
2 5 5 5 5 8 10 20
2 5 5 5 5 8 200
2 5 5 5 5 10 10 16
2 5 5 5 5 10 160
2 5 5 5 5 16 100
2 5 5 5 5 20 80
2 5 5 5 5 25 64
2 5 5 5 5 32 50
2 5 5 5 5 40 40
2 5 5 5 5 1600
2 5 5 5 8 8 125
2 5 5 5 8 10 10 10
2 5 5 5 8 10 100
2 5 5 5 8 20 50
2 5 5 5 8 25 40
2 5 5 5 8 1000
2 5 5 5 10 10 80
2 5 5 5 10 16 50
2 5 5 5 10 20 40
2 5 5 5 10 25 32
2 5 5 5 10 800
2 5 5 5 16 20 25
2 5 5 5 16 500
2 5 5 5 20 20 20
2 5 5 5 20 400
2 5 5 5 25 320
2 5 5 5 32 250
2 5 5 5 40 200
2 5 5 5 50 160
2 5 5 5 64 125
2 5 5 5 80 100
2 5 5 5 8000
2 5 5 8 8 25 25
2 5 5 8 8 625
2 5 5 8 10 10 50
2 5 5 8 10 20 25
2 5 5 8 10 500
2 5 5 8 20 250
2 5 5 8 25 200
2 5 5 8 40 125
2 5 5 8 50 100
2 5 5 8 5000
2 5 5 10 10 10 40
2 5 5 10 10 16 25
2 5 5 10 10 20 20
2 5 5 10 10 400
2 5 5 10 16 250
2 5 5 10 20 200
2 5 5 10 25 160
2 5 5 10 32 125
2 5 5 10 40 100
2 5 5 10 50 80
2 5 5 10 4000
2 5 5 16 20 125
2 5 5 16 25 100
2 5 5 16 50 50
2 5 5 16 2500
2 5 5 20 20 100
2 5 5 20 25 80
2 5 5 20 40 50
2 5 5 20 2000
2 5 5 25 25 64
2 5 5 25 32 50
2 5 5 25 40 40
2 5 5 25 1600
2 5 5 32 1250
2 5 5 40 1000
2 5 5 50 800
2 5 5 64 625
2 5 5 80 500
2 5 5 100 400
2 5 5 125 320
2 5 5 160 250
2 5 5 200 200
2 5 5 40000
2 5 8 8 25 125
2 5 8 8 3125
2 5 8 10 10 10 25
2 5 8 10 10 250
2 5 8 10 20 125
2 5 8 10 25 100
2 5 8 10 50 50
2 5 8 10 2500
2 5 8 20 25 50
2 5 8 20 1250
2 5 8 25 25 40
2 5 8 25 1000
2 5 8 40 625
2 5 8 50 500
2 5 8 100 250
2 5 8 125 200
2 5 8 25000
2 5 10 10 10 10 20
2 5 10 10 10 200
2 5 10 10 16 125
2 5 10 10 20 100
2 5 10 10 25 80
2 5 10 10 40 50
2 5 10 10 2000
2 5 10 16 25 50
2 5 10 16 1250
2 5 10 20 20 50
2 5 10 20 25 40
2 5 10 20 1000
2 5 10 25 25 32
2 5 10 25 800
2 5 10 32 625
2 5 10 40 500
2 5 10 50 400
2 5 10 80 250
2 5 10 100 200
2 5 10 125 160
2 5 10 20000
2 5 16 20 25 25
2 5 16 20 625
2 5 16 25 500
2 5 16 50 250
2 5 16 100 125
2 5 16 12500
2 5 20 20 20 25
2 5 20 20 500
2 5 20 25 400
2 5 20 40 250
2 5 20 50 200
2 5 20 80 125
2 5 20 100 100
2 5 20 10000
2 5 25 25 320
2 5 25 32 250
2 5 25 40 200
2 5 25 50 160
2 5 25 64 125
2 5 25 80 100
2 5 25 8000
2 5 32 50 125
2 5 32 6250
2 5 40 40 125
2 5 40 50 100
2 5 40 5000
2 5 50 50 80
2 5 50 4000
2 5 64 3125
2 5 80 2500
2 5 100 2000
2 5 125 1600
2 5 160 1250
2 5 200 1000
2 5 250 800
2 5 320 625
2 5 400 500
2 5 200000
2 8 8 25 25 25
2 8 8 25 625
2 8 8 125 125
2 8 8 15625
2 8 10 10 10 125
2 8 10 10 25 50
2 8 10 10 1250
2 8 10 20 25 25
2 8 10 20 625
2 8 10 25 500
2 8 10 50 250
2 8 10 100 125
2 8 10 12500
2 8 20 25 250
2 8 20 50 125
2 8 20 6250
2 8 25 25 200
2 8 25 40 125
2 8 25 50 100
2 8 25 5000
2 8 40 3125
2 8 50 50 50
2 8 50 2500
2 8 100 1250
2 8 125 1000
2 8 200 625
2 8 250 500
2 8 125000
2 10 10 10 10 10 10
2 10 10 10 10 100
2 10 10 10 20 50
2 10 10 10 25 40
2 10 10 10 1000
2 10 10 16 25 25
2 10 10 16 625
2 10 10 20 20 25
2 10 10 20 500
2 10 10 25 400
2 10 10 40 250
2 10 10 50 200
2 10 10 80 125
2 10 10 100 100
2 10 10 10000
2 10 16 25 250
2 10 16 50 125
2 10 16 6250
2 10 20 20 250
2 10 20 25 200
2 10 20 40 125
2 10 20 50 100
2 10 20 5000
2 10 25 25 160
2 10 25 32 125
2 10 25 40 100
2 10 25 50 80
2 10 25 4000
2 10 32 3125
2 10 40 50 50
2 10 40 2500
2 10 50 2000
2 10 80 1250
2 10 100 1000
2 10 125 800
2 10 160 625
2 10 200 500
2 10 250 400
2 10 100000
2 16 20 25 125
2 16 20 3125
2 16 25 25 100
2 16 25 50 50
2 16 25 2500
2 16 50 1250
2 16 100 625
2 16 125 500
2 16 250 250
2 16 62500
2 20 20 20 125
2 20 20 25 100
2 20 20 50 50
2 20 20 2500
2 20 25 25 80
2 20 25 40 50
2 20 25 2000
2 20 40 1250
2 20 50 1000
2 20 80 625
2 20 100 500
2 20 125 400
2 20 200 250
2 20 50000
2 25 25 25 64
2 25 25 32 50
2 25 25 40 40
2 25 25 1600
2 25 32 1250
2 25 40 1000
2 25 50 800
2 25 64 625
2 25 80 500
2 25 100 400
2 25 125 320
2 25 160 250
2 25 200 200
2 25 40000
2 32 50 625
2 32 125 250
2 32 31250
2 40 40 625
2 40 50 500
2 40 100 250
2 40 125 200
2 40 25000
2 50 50 400
2 50 80 250
2 50 100 200
2 50 125 160
2 50 20000
2 64 125 125
2 64 15625
2 80 100 125
2 80 12500
2 100 100 100
2 100 10000
2 125 8000
2 160 6250
2 200 5000
2 250 4000
2 320 3125
2 400 2500
2 500 2000
2 625 1600
2 800 1250
2 1000 1000
2 1000000
4 4 4 5 5 5 5 5 10
4 4 4 5 5 5 5 50
4 4 4 5 5 5 10 25
4 4 4 5 5 5 250
4 4 4 5 5 10 125
4 4 4 5 5 25 50
4 4 4 5 5 1250
4 4 4 5 10 25 25
4 4 4 5 10 625
4 4 4 5 25 250
4 4 4 5 50 125
4 4 4 5 6250
4 4 4 10 25 125
4 4 4 10 3125
4 4 4 25 25 50
4 4 4 25 1250
4 4 4 50 625
4 4 4 125 250
4 4 4 31250
4 4 5 5 5 5 5 5 8
4 4 5 5 5 5 5 40
4 4 5 5 5 5 8 25
4 4 5 5 5 5 10 20
4 4 5 5 5 5 200
4 4 5 5 5 8 125
4 4 5 5 5 10 10 10
4 4 5 5 5 10 100
4 4 5 5 5 20 50
4 4 5 5 5 25 40
4 4 5 5 5 1000
4 4 5 5 8 25 25
4 4 5 5 8 625
4 4 5 5 10 10 50
4 4 5 5 10 20 25
4 4 5 5 10 500
4 4 5 5 20 250
4 4 5 5 25 200
4 4 5 5 40 125
4 4 5 5 50 100
4 4 5 5 5000
4 4 5 8 25 125
4 4 5 8 3125
4 4 5 10 10 10 25
4 4 5 10 10 250
4 4 5 10 20 125
4 4 5 10 25 100
4 4 5 10 50 50
4 4 5 10 2500
4 4 5 20 25 50
4 4 5 20 1250
4 4 5 25 25 40
4 4 5 25 1000
4 4 5 40 625
4 4 5 50 500
4 4 5 100 250
4 4 5 125 200
4 4 5 25000
4 4 8 25 25 25
4 4 8 25 625
4 4 8 125 125
4 4 8 15625
4 4 10 10 10 125
4 4 10 10 25 50
4 4 10 10 1250
4 4 10 20 25 25
4 4 10 20 625
4 4 10 25 500
4 4 10 50 250
4 4 10 100 125
4 4 10 12500
4 4 20 25 250
4 4 20 50 125
4 4 20 6250
4 4 25 25 200
4 4 25 40 125
4 4 25 50 100
4 4 25 5000
4 4 40 3125
4 4 50 50 50
4 4 50 2500
4 4 100 1250
4 4 125 1000
4 4 200 625
4 4 250 500
4 4 125000
4 5 5 5 5 5 5 32
4 5 5 5 5 5 8 20
4 5 5 5 5 5 10 16
4 5 5 5 5 5 160
4 5 5 5 5 8 10 10
4 5 5 5 5 8 100
4 5 5 5 5 10 80
4 5 5 5 5 16 50
4 5 5 5 5 20 40
4 5 5 5 5 25 32
4 5 5 5 5 800
4 5 5 5 8 10 50
4 5 5 5 8 20 25
4 5 5 5 8 500
4 5 5 5 10 10 40
4 5 5 5 10 16 25
4 5 5 5 10 20 20
4 5 5 5 10 400
4 5 5 5 16 250
4 5 5 5 20 200
4 5 5 5 25 160
4 5 5 5 32 125
4 5 5 5 40 100
4 5 5 5 50 80
4 5 5 5 4000
4 5 5 8 10 10 25
4 5 5 8 10 250
4 5 5 8 20 125
4 5 5 8 25 100
4 5 5 8 50 50
4 5 5 8 2500
4 5 5 10 10 10 20
4 5 5 10 10 200
4 5 5 10 16 125
4 5 5 10 20 100
4 5 5 10 25 80
4 5 5 10 40 50
4 5 5 10 2000
4 5 5 16 25 50
4 5 5 16 1250
4 5 5 20 20 50
4 5 5 20 25 40
4 5 5 20 1000
4 5 5 25 25 32
4 5 5 25 800
4 5 5 32 625
4 5 5 40 500
4 5 5 50 400
4 5 5 80 250
4 5 5 100 200
4 5 5 125 160
4 5 5 20000
4 5 8 10 10 125
4 5 8 10 25 50
4 5 8 10 1250
4 5 8 20 25 25
4 5 8 20 625
4 5 8 25 500
4 5 8 50 250
4 5 8 100 125
4 5 8 12500
4 5 10 10 10 10 10
4 5 10 10 10 100
4 5 10 10 20 50
4 5 10 10 25 40
4 5 10 10 1000
4 5 10 16 25 25
4 5 10 16 625
4 5 10 20 20 25
4 5 10 20 500
4 5 10 25 400
4 5 10 40 250
4 5 10 50 200
4 5 10 80 125
4 5 10 100 100
4 5 10 10000
4 5 16 25 250
4 5 16 50 125
4 5 16 6250
4 5 20 20 250
4 5 20 25 200
4 5 20 40 125
4 5 20 50 100
4 5 20 5000
4 5 25 25 160
4 5 25 32 125
4 5 25 40 100
4 5 25 50 80
4 5 25 4000
4 5 32 3125
4 5 40 50 50
4 5 40 2500
4 5 50 2000
4 5 80 1250
4 5 100 1000
4 5 125 800
4 5 160 625
4 5 200 500
4 5 250 400
4 5 100000
4 8 10 10 25 25
4 8 10 10 625
4 8 10 25 250
4 8 10 50 125
4 8 10 6250
4 8 20 25 125
4 8 20 3125
4 8 25 25 100
4 8 25 50 50
4 8 25 2500
4 8 50 1250
4 8 100 625
4 8 125 500
4 8 250 250
4 8 62500
4 10 10 10 10 50
4 10 10 10 20 25
4 10 10 10 500
4 10 10 20 250
4 10 10 25 200
4 10 10 40 125
4 10 10 50 100
4 10 10 5000
4 10 16 25 125
4 10 16 3125
4 10 20 20 125
4 10 20 25 100
4 10 20 50 50
4 10 20 2500
4 10 25 25 80
4 10 25 40 50
4 10 25 2000
4 10 40 1250
4 10 50 1000
4 10 80 625
4 10 100 500
4 10 125 400
4 10 200 250
4 10 50000
4 16 25 25 50
4 16 25 1250
4 16 50 625
4 16 125 250
4 16 31250
4 20 20 25 50
4 20 20 1250
4 20 25 25 40
4 20 25 1000
4 20 40 625
4 20 50 500
4 20 100 250
4 20 125 200
4 20 25000
4 25 25 25 32
4 25 25 800
4 25 32 625
4 25 40 500
4 25 50 400
4 25 80 250
4 25 100 200
4 25 125 160
4 25 20000
4 32 125 125
4 32 15625
4 40 50 250
4 40 100 125
4 40 12500
4 50 50 200
4 50 80 125
4 50 100 100
4 50 10000
4 80 6250
4 100 5000
4 125 4000
4 160 3125
4 200 2500
4 250 2000
4 400 1250
4 500 1000
4 625 800
4 500000
5 5 5 5 5 5 8 16
5 5 5 5 5 5 128
5 5 5 5 5 8 8 10
5 5 5 5 5 8 80
5 5 5 5 5 10 64
5 5 5 5 5 16 40
5 5 5 5 5 20 32
5 5 5 5 5 640
5 5 5 5 8 8 50
5 5 5 5 8 10 40
5 5 5 5 8 16 25
5 5 5 5 8 20 20
5 5 5 5 8 400
5 5 5 5 10 10 32
5 5 5 5 10 16 20
5 5 5 5 10 320
5 5 5 5 16 200
5 5 5 5 20 160
5 5 5 5 25 128
5 5 5 5 32 100
5 5 5 5 40 80
5 5 5 5 50 64
5 5 5 5 3200
5 5 5 8 8 10 25
5 5 5 8 8 250
5 5 5 8 10 10 20
5 5 5 8 10 200
5 5 5 8 16 125
5 5 5 8 20 100
5 5 5 8 25 80
5 5 5 8 40 50
5 5 5 8 2000
5 5 5 10 10 10 16
5 5 5 10 10 160
5 5 5 10 16 100
5 5 5 10 20 80
5 5 5 10 25 64
5 5 5 10 32 50
5 5 5 10 40 40
5 5 5 10 1600
5 5 5 16 20 50
5 5 5 16 25 40
5 5 5 16 1000
5 5 5 20 20 40
5 5 5 20 25 32
5 5 5 20 800
5 5 5 25 640
5 5 5 32 500
5 5 5 40 400
5 5 5 50 320
5 5 5 64 250
5 5 5 80 200
5 5 5 100 160
5 5 5 125 128
5 5 5 16000
5 5 8 8 10 125
5 5 8 8 25 50
5 5 8 8 1250
5 5 8 10 10 10 10
5 5 8 10 10 100
5 5 8 10 20 50
5 5 8 10 25 40
5 5 8 10 1000
5 5 8 16 25 25
5 5 8 16 625
5 5 8 20 20 25
5 5 8 20 500
5 5 8 25 400
5 5 8 40 250
5 5 8 50 200
5 5 8 80 125
5 5 8 100 100
5 5 8 10000
5 5 10 10 10 80
5 5 10 10 16 50
5 5 10 10 20 40
5 5 10 10 25 32
5 5 10 10 800
5 5 10 16 20 25
5 5 10 16 500
5 5 10 20 20 20
5 5 10 20 400
5 5 10 25 320
5 5 10 32 250
5 5 10 40 200
5 5 10 50 160
5 5 10 64 125
5 5 10 80 100
5 5 10 8000
5 5 16 20 250
5 5 16 25 200
5 5 16 40 125
5 5 16 50 100
5 5 16 5000
5 5 20 20 200
5 5 20 25 160
5 5 20 32 125
5 5 20 40 100
5 5 20 50 80
5 5 20 4000
5 5 25 25 128
5 5 25 32 100
5 5 25 40 80
5 5 25 50 64
5 5 25 3200
5 5 32 50 50
5 5 32 2500
5 5 40 40 50
5 5 40 2000
5 5 50 1600
5 5 64 1250
5 5 80 1000
5 5 100 800
5 5 125 640
5 5 128 625
5 5 160 500
5 5 200 400
5 5 250 320
5 5 80000
5 8 8 10 25 25
5 8 8 10 625
5 8 8 25 250
5 8 8 50 125
5 8 8 6250
5 8 10 10 10 50
5 8 10 10 20 25
5 8 10 10 500
5 8 10 20 250
5 8 10 25 200
5 8 10 40 125
5 8 10 50 100
5 8 10 5000
5 8 16 25 125
5 8 16 3125
5 8 20 20 125
5 8 20 25 100
5 8 20 50 50
5 8 20 2500
5 8 25 25 80
5 8 25 40 50
5 8 25 2000
5 8 40 1250
5 8 50 1000
5 8 80 625
5 8 100 500
5 8 125 400
5 8 200 250
5 8 50000
5 10 10 10 10 40
5 10 10 10 16 25
5 10 10 10 20 20
5 10 10 10 400
5 10 10 16 250
5 10 10 20 200
5 10 10 25 160
5 10 10 32 125
5 10 10 40 100
5 10 10 50 80
5 10 10 4000
5 10 16 20 125
5 10 16 25 100
5 10 16 50 50
5 10 16 2500
5 10 20 20 100
5 10 20 25 80
5 10 20 40 50
5 10 20 2000
5 10 25 25 64
5 10 25 32 50
5 10 25 40 40
5 10 25 1600
5 10 32 1250
5 10 40 1000
5 10 50 800
5 10 64 625
5 10 80 500
5 10 100 400
5 10 125 320
5 10 160 250
5 10 200 200
5 10 40000
5 16 20 25 50
5 16 20 1250
5 16 25 25 40
5 16 25 1000
5 16 40 625
5 16 50 500
5 16 100 250
5 16 125 200
5 16 25000
5 20 20 20 50
5 20 20 25 40
5 20 20 1000
5 20 25 25 32
5 20 25 800
5 20 32 625
5 20 40 500
5 20 50 400
5 20 80 250
5 20 100 200
5 20 125 160
5 20 20000
5 25 25 640
5 25 32 500
5 25 40 400
5 25 50 320
5 25 64 250
5 25 80 200
5 25 100 160
5 25 125 128
5 25 16000
5 32 50 250
5 32 100 125
5 32 12500
5 40 40 250
5 40 50 200
5 40 80 125
5 40 100 100
5 40 10000
5 50 50 160
5 50 64 125
5 50 80 100
5 50 8000
5 64 6250
5 80 5000
5 100 4000
5 125 3200
5 128 3125
5 160 2500
5 200 2000
5 250 1600
5 320 1250
5 400 1000
5 500 800
5 625 640
5 400000
8 8 10 25 125
8 8 10 3125
8 8 25 25 50
8 8 25 1250
8 8 50 625
8 8 125 250
8 8 31250
8 10 10 10 10 25
8 10 10 10 250
8 10 10 20 125
8 10 10 25 100
8 10 10 50 50
8 10 10 2500
8 10 20 25 50
8 10 20 1250
8 10 25 25 40
8 10 25 1000
8 10 40 625
8 10 50 500
8 10 100 250
8 10 125 200
8 10 25000
8 16 25 25 25
8 16 25 625
8 16 125 125
8 16 15625
8 20 20 25 25
8 20 20 625
8 20 25 500
8 20 50 250
8 20 100 125
8 20 12500
8 25 25 400
8 25 40 250
8 25 50 200
8 25 80 125
8 25 100 100
8 25 10000
8 40 50 125
8 40 6250
8 50 50 100
8 50 5000
8 80 3125
8 100 2500
8 125 2000
8 200 1250
8 250 1000
8 400 625
8 500 500
8 250000
10 10 10 10 10 20
10 10 10 10 200
10 10 10 16 125
10 10 10 20 100
10 10 10 25 80
10 10 10 40 50
10 10 10 2000
10 10 16 25 50
10 10 16 1250
10 10 20 20 50
10 10 20 25 40
10 10 20 1000
10 10 25 25 32
10 10 25 800
10 10 32 625
10 10 40 500
10 10 50 400
10 10 80 250
10 10 100 200
10 10 125 160
10 10 20000
10 16 20 25 25
10 16 20 625
10 16 25 500
10 16 50 250
10 16 100 125
10 16 12500
10 20 20 20 25
10 20 20 500
10 20 25 400
10 20 40 250
10 20 50 200
10 20 80 125
10 20 100 100
10 20 10000
10 25 25 320
10 25 32 250
10 25 40 200
10 25 50 160
10 25 64 125
10 25 80 100
10 25 8000
10 32 50 125
10 32 6250
10 40 40 125
10 40 50 100
10 40 5000
10 50 50 80
10 50 4000
10 64 3125
10 80 2500
10 100 2000
10 125 1600
10 160 1250
10 200 1000
10 250 800
10 320 625
10 400 500
10 200000
16 20 25 250
16 20 50 125
16 20 6250
16 25 25 200
16 25 40 125
16 25 50 100
16 25 5000
16 40 3125
16 50 50 50
16 50 2500
16 100 1250
16 125 1000
16 200 625
16 250 500
16 125000
20 20 20 250
20 20 25 200
20 20 40 125
20 20 50 100
20 20 5000
20 25 25 160
20 25 32 125
20 25 40 100
20 25 50 80
20 25 4000
20 32 3125
20 40 50 50
20 40 2500
20 50 2000
20 80 1250
20 100 1000
20 125 800
20 160 625
20 200 500
20 250 400
20 100000
25 25 25 128
25 25 32 100
25 25 40 80
25 25 50 64
25 25 3200
25 32 50 50
25 32 2500
25 40 40 50
25 40 2000
25 50 1600
25 64 1250
25 80 1000
25 100 800
25 125 640
25 128 625
25 160 500
25 200 400
25 250 320
25 80000
32 50 1250
32 100 625
32 125 500
32 250 250
32 62500
40 40 1250
40 50 1000
40 80 625
40 100 500
40 125 400
40 200 250
40 50000
50 50 800
50 64 625
50 80 500
50 100 400
50 125 320
50 160 250
50 200 200
50 40000
64 125 250
64 31250
80 100 250
80 125 200
80 25000
100 100 200
100 125 160
100 20000
125 125 128
125 16000
128 15625
160 12500
200 10000
250 8000
320 6250
400 5000
500 4000
625 3200
640 3125
800 2500
1000 2000
1250 1600
164
2 2 2 2 2 2 2 3 5
2 2 2 2 2 2 2 15
2 2 2 2 2 2 3 10
2 2 2 2 2 2 5 6
2 2 2 2 2 2 30
2 2 2 2 2 3 4 5
2 2 2 2 2 3 20
2 2 2 2 2 4 15
2 2 2 2 2 5 12
2 2 2 2 2 6 10
2 2 2 2 2 60
2 2 2 2 3 4 10
2 2 2 2 3 5 8
2 2 2 2 3 40
2 2 2 2 4 5 6
2 2 2 2 4 30
2 2 2 2 5 24
2 2 2 2 6 20
2 2 2 2 8 15
2 2 2 2 10 12
2 2 2 2 120
2 2 2 3 4 4 5
2 2 2 3 4 20
2 2 2 3 5 16
2 2 2 3 8 10
2 2 2 3 80
2 2 2 4 4 15
2 2 2 4 5 12
2 2 2 4 6 10
2 2 2 4 60
2 2 2 5 6 8
2 2 2 5 48
2 2 2 6 40
2 2 2 8 30
2 2 2 10 24
2 2 2 12 20
2 2 2 15 16
2 2 2 240
2 2 3 4 4 10
2 2 3 4 5 8
2 2 3 4 40
2 2 3 5 32
2 2 3 8 20
2 2 3 10 16
2 2 3 160
2 2 4 4 5 6
2 2 4 4 30
2 2 4 5 24
2 2 4 6 20
2 2 4 8 15
2 2 4 10 12
2 2 4 120
2 2 5 6 16
2 2 5 8 12
2 2 5 96
2 2 6 8 10
2 2 6 80
2 2 8 60
2 2 10 48
2 2 12 40
2 2 15 32
2 2 16 30
2 2 20 24
2 2 480
2 3 4 4 4 5
2 3 4 4 20
2 3 4 5 16
2 3 4 8 10
2 3 4 80
2 3 5 8 8
2 3 5 64
2 3 8 40
2 3 10 32
2 3 16 20
2 3 320
2 4 4 4 15
2 4 4 5 12
2 4 4 6 10
2 4 4 60
2 4 5 6 8
2 4 5 48
2 4 6 40
2 4 8 30
2 4 10 24
2 4 12 20
2 4 15 16
2 4 240
2 5 6 32
2 5 8 24
2 5 12 16
2 5 192
2 6 8 20
2 6 10 16
2 6 160
2 8 8 15
2 8 10 12
2 8 120
2 10 96
2 12 80
2 15 64
2 16 60
2 20 48
2 24 40
2 30 32
2 960
3 4 4 4 10
3 4 4 5 8
3 4 4 40
3 4 5 32
3 4 8 20
3 4 10 16
3 4 160
3 5 8 16
3 5 128
3 8 8 10
3 8 80
3 10 64
3 16 40
3 20 32
3 640
4 4 4 5 6
4 4 4 30
4 4 5 24
4 4 6 20
4 4 8 15
4 4 10 12
4 4 120
4 5 6 16
4 5 8 12
4 5 96
4 6 8 10
4 6 80
4 8 60
4 10 48
4 12 40
4 15 32
4 16 30
4 20 24
4 480
5 6 8 8
5 6 64
5 8 48
5 12 32
5 16 24
5 384
6 8 40
6 10 32
6 16 20
6 320
8 8 30
8 10 24
8 12 20
8 15 16
8 240
10 12 16
10 192
12 160
15 128
16 120
20 96
24 80
30 64
32 60
40 48
134
2 2 3 7 19 277
2 2 3 7 5263
2 2 3 19 1939
2 2 3 133 277
2 2 3 36841
2 2 7 19 831
2 2 7 57 277
2 2 7 15789
2 2 19 21 277
2 2 19 5817
2 2 21 5263
2 2 57 1939
2 2 133 831
2 2 277 399
2 2 110523
2 3 7 19 554
2 3 7 38 277
2 3 7 10526
2 3 14 19 277
2 3 14 5263
2 3 19 3878
2 3 38 1939
2 3 133 554
2 3 266 277
2 3 73682
2 6 7 19 277
2 6 7 5263
2 6 19 1939
2 6 133 277
2 6 36841
2 7 19 1662
2 7 38 831
2 7 57 554
2 7 114 277
2 7 31578
2 14 19 831
2 14 57 277
2 14 15789
2 19 21 554
2 19 42 277
2 19 11634
2 21 38 277
2 21 10526
2 38 5817
2 42 5263
2 57 3878
2 114 1939
2 133 1662
2 266 831
2 277 798
2 399 554
2 221046
3 4 7 19 277
3 4 7 5263
3 4 19 1939
3 4 133 277
3 4 36841
3 7 19 1108
3 7 38 554
3 7 76 277
3 7 21052
3 14 19 554
3 14 38 277
3 14 10526
3 19 28 277
3 19 7756
3 28 5263
3 38 3878
3 76 1939
3 133 1108
3 266 554
3 277 532
3 147364
4 7 19 831
4 7 57 277
4 7 15789
4 19 21 277
4 19 5817
4 21 5263
4 57 1939
4 133 831
4 277 399
4 110523
6 7 19 554
6 7 38 277
6 7 10526
6 14 19 277
6 14 5263
6 19 3878
6 38 1939
6 133 554
6 266 277
6 73682
7 12 19 277
7 12 5263
7 19 3324
7 38 1662
7 57 1108
7 76 831
7 114 554
7 228 277
7 63156
12 19 1939
12 133 277
12 36841
14 19 1662
14 38 831
14 57 554
14 114 277
14 31578
19 21 1108
19 28 831
19 42 554
19 84 277
19 23268
21 38 554
21 76 277
21 21052
28 57 277
28 15789
38 42 277
38 11634
42 10526
57 7756
76 5817
84 5263
114 3878
133 3324
228 1939
266 1662
277 1596
399 1108
532 831
554 798
4
2 5 7
2 35
5 14
7 10
35
2 2 5 53 521
2 2 5 27613
2 2 53 2605
2 2 265 521
2 2 138065
2 5 53 1042
2 5 106 521
2 5 55226
2 10 53 521
2 10 27613
2 53 5210
2 106 2605
2 265 1042
2 521 530
2 276130
4 5 53 521
4 5 27613
4 53 2605
4 265 521
4 138065
5 53 2084
5 106 1042
5 212 521
5 110452
10 53 1042
10 106 521
10 55226
20 53 521
20 27613
53 10420
106 5210
212 2605
265 2084
521 1060
530 1042
