1055 2
3141 60596
52214 59153
26972 10
14979 14244
2197 7397
25385 6632
23279 6822
15509 22965
17447 23775
23163 25546
24113 21278
21565 17446
669 8057
83079 8
31404 40459
61295 46409
36114 3905
30309 45582
15527 79623
54453 47993
74151 43294
63753 39840
37064 2
29375 20216
4400 29262
59539 8
52204 48417
47873 30104
21314 10052
57691 17202
49271 5459
24276 53419
41373 3725
17760 13085
49081 1
1098 10345
90822 7
21810 17381
15970 45024
86861 80972
40375 48841
90559 23949
5092 87772
71726 7563
52358 4
19035 34045
44285 29343
11306 52339
11948 26668
74065 10
54642 60576
54782 50705
43016 14868
21859 6444
47803 71611
52157 15778
36098 61594
41079 56399
73639 33669
47262 9518
76225 6
17153 70938
21430 75751
34746 35967
71611 20602
16595 29461
40874 47431
0 0